F1
200
0.054164
0.022651
0.037631
0.046885
0.045495
0.044405
0.045740
0.044189
0.045028
0.044412
0.044705
0.021521
0.021896
0.021467
0.021686
0.021518
0.021695
0.021907
0.021963
0.021901
0.021996
0.022675
0.023116
0.023247
0.023517
0.023264
0.024163
0.024483
0.024618
0.024977
0.025630
0.025755
0.026560
0.026450
0.027481
0.027169
0.028562
0.029281
0.029329
0.030622
0.030373
0.029675
0.029807
0.029498
0.029564
0.029729
0.029609
0.029078
0.029252
0.029159
0.029111
0.028709
0.029872
0.030700
0.031302
0.030767
0.030825
0.021343
0.021092
0.021469
0.028026
0.026729
0.027061
0.027135
0.027155
0.027485
0.026916
0.027201
0.025590
0.023419
0.026556
0.026397
0.026517
0.026872
0.027266
0.027317
0.027464
0.027778
0.027879
0.027752
0.027809
0.027970
0.027596
0.027457
0.027005
0.027409
0.027049
0.026975
0.026931
0.026797
0.026973
0.028677
0.027291
0.027548
0.027332
0.027432
0.027654
0.027399
0.027746
0.027432
0.027767
0.027119
0.027838
0.026982
0.027405
0.027050
0.026383
0.026494
0.026425
0.025947
0.026401
0.026524
0.026309
0.026365
0.026902
0.026656
0.027329
0.027377
0.027604
0.028022
0.028354
0.026384
0.027460
0.026313
0.027198
0.026946
0.026659
0.025951
0.026945
0.026853
0.026988
0.027175
0.027084
0.026685
0.027407
0.026920
0.027297
0.027340
0.027227
0.026456
0.026980
0.026799
0.026628
0.026418
0.026149
0.026021
0.026396
0.026729
0.027196
0.027220
0.026607
0.027280
0.027600
0.027482
0.027251
0.027549
0.026986
0.027302
0.026624
0.027070
0.026786
0.026981
0.026181
0.026312
0.026734
0.026798
0.027065
0.027277
0.026880
0.027435
0.027171
0.026977
0.027457
0.027323
0.027193
0.027009
0.026962
0.026716
0.026738
0.026645
0.026115
0.025876
0.025017
0.026531
0.027061
0.027046
0.026490
0.027046
0.027295
0.026758
0.027684
0.027061
0.027145
0.027048
0.027155
0.027349
0.027216
0.026555
0.026640
0.026636
0.026690
0.026961
0.026735
0.027040
0.027041
0.027161
0.027019
0.027646
0.027369
0.027430
0.000000
0.026690
0.027184
0.027137
0.026771
0.026680
0.026129
0.025518
0.026046
0.026329
0.026631
0.027040
0.027021
0.027278
0.026931
0.027753
0.027781
0.027240
0.027090
0.026869
0.026747
0.027245
0.026971
0.026422
0.026765
0.026452
0.026782
0.026428
0.027034
0.026931
0.026855
0.027041
0.027330
0.026988
0.027029
0.027190
0.027259
0.026468
0.027098
0.026698
0.026852
0.026347
0.026542
0.026186
0.025590
0.025914
0.026457
0.027173
0.026712
0.027145
0.027420
0.027552
0.027462
0.027423
0.027387
0.027103
0.026978
0.026799
0.026860
0.026910
0.026459
0.026787
0.026524
0.026714
0.026680
0.027247
0.027397
0.026385
0.027606
0.026931
0.027395
0.027173
0.027227
0.026677
0.026967
0.026589
0.026595
0.030007
0.026356
0.026536
0.025448
0.026541
0.026248
0.027248
0.026766
0.027233
0.026611
0.027433
0.027024
0.027475
0.027120
0.027171
0.026736
0.026952
0.027080
0.026759
0.026263
0.026668
0.026500
0.026687
0.027113
0.026655
0.027004
0.026669
0.027333
0.026873
0.026761
0.027543
0.027088
0.027211
0.026363
0.026866
0.026821
0.026052
0.025958
0.026286
0.025633
0.025979
0.026830
0.027092
0.027241
0.027072
0.027196
0.027659
0.027488
0.027484
0.027762
0.026854
0.027174
0.027098
0.027148
0.026113
0.026841
0.026467
0.026017
0.026490
0.027175
0.026797
0.027040
0.026551
0.027242
0.027227
0.027407
0.027605
0.027082
0.027545
0.026956
0.026688
0.025911
0.026375
0.026631
0.026495
0.025907
0.026433
0.026787
0.026404
0.026788
0.027391
0.026764
0.027646
0.026565
0.027447
0.027471
0.026776
0.027242
0.027138
0.026457
0.026817
0.026286
0.026624
0.026091
0.026889
0.026751
0.027109
0.027088
0.027048
0.027333
0.027480
0.026345
0.027280
0.027222
0.027153
0.026698
0.027082
0.027000
0.026565
0.025977
0.026101
0.026066
0.026049
0.026483
0.021520
0.020459
0.020387
0.020829
0.020786
0.025942
0.024411
0.026488
0.026879
0.026586
0.000000
